Mnd,Ap,Hoyre,Frp,SV,Sp,KrF,Venstre,MDG,Rodt,Andre
2008-08-31,25.757713596157043,17.42186840786868,30.52264518781158,6.240161616327335,5.829446315412159,5.836614669454636,5.651103316626386,-0.06641844821413907,2.1480097714070454,-0.26315887764217744
2008-09-30,26.7479246318073,15.76019425688786,30.508548073963226,6.712270199752306,4.811335257333645,5.959406331398835,6.216740787428631,-0.09621043251566858,1.8987076064453126,0.035448707380582166
2008-10-31,29.240575006809024,16.005190798704582,28.121357999263623,6.636676417732699,5.203736706285919,5.660821906921504,6.083579362098259,0.01918700510578101,1.1811713324362223,0.4021850558436703
2008-11-30,31.079895711926728,16.05103599799189,25.72210185217304,7.220504444458777,4.901709181927793,6.19398588072368,5.790935145028897,0.12873080893538896,1.1467837297638521,0.1961192571498144
2008-12-31,31.172235980050488,17.021215142426332,23.547376988046153,7.675252874760894,6.206503860708423,6.193723926572968,5.533837471493961,0.007339785533561633,1.1165237790604041,-0.23142991773792757
2009-01-31,32.60956427569344,15.234947864034742,23.059165278130987,7.5660728616836215,6.585414431105939,6.402072018961672,5.4953053682120085,-0.03356148726012679,0.5655456737725856,-0.0030025910852543736
2009-02-28,33.84834870561264,15.022877713869041,23.203130316179706,7.267637693506985,6.412094728278399,5.841917564523408,5.0880593768973625,0.03776801151398628,0.5198620166061788,0.03868719471865114
2009-03-31,31.785691464142705,14.62376991552092,25.62487723148269,7.074670641116246,5.873316622571033,6.255489181713988,5.586203556363877,0.286721207475562,0.1284971392829014,0.2744472981246344
2009-04-30,31.00720835214762,13.728495735695633,27.957383157550183,7.627689560078672,5.655285158007001,6.185796561209941,5.437482730329325,-0.13861242553545067,0.17029053919759535,-0.040007185298258655
2009-05-31,33.49142643634091,12.970919729922562,26.286301134418007,7.235308133621215,5.30675749651399,6.033578769911464,5.39046894215171,0.26436040465010974,0.01408403481374004,0.2611440863541543
2009-06-30,33.487305096420044,13.647245088193307,26.507205750581228,7.131690028363832,4.863091873160811,5.965879082555686,5.452974123189969,0.09443277930219479,-0.0388892637779648,-0.11421407754620141
2009-07-31,33.88676838188579,13.237909693904662,26.36218927926955,7.188442557641332,5.507484513780701,5.980670958539919,5.343510297312336,-0.10121937242581075,-0.0901751415520927,-0.261077107981489
2009-08-31,33.25483549496519,13.199317339982262,26.428899146047957,7.434284765147194,5.55015057605243,6.2147057750596995,5.076782139167485,-0.12785445608604004,0.12445817147383205,-0.09348458074479016
2009-09-30,33.034796064136145,13.88922992117523,25.1819342114023,7.373327596879166,6.019415293772996,6.064136509858551,5.286398382095082,0.10132200174758915,-0.44222737287703484,0.1914140275622932
2009-10-31,33.15928200805658,16.86976794735526,23.034059062835492,7.055116254933623,6.054475719075717,5.884796206201864,5.013305054062409,0.1382188490758837,-0.2623702635385644,-0.1117174347219839
2009-11-30,34.49271076412485,18.820167138863923,22.984968165848493,6.127734434225485,5.039721692402722,5.583428487501228,4.269132200816573,0.20808523622320835,0.39058257169659527,0.07857514914604358
2009-12-31,30.24685536001925,21.69778363207331,23.058028325061496,6.541117974923193,5.649917520134697,5.618017858590382,4.284796791731579,0.21115288540475008,1.5147068399770942,-0.00887543523853605
2010-01-31,30.720982327485927,20.95320430228513,23.412615606589497,6.879129742960784,5.3119963269887895,5.46245812569068,4.078336955543472,0.12594217489159132,1.8063840936375977,0.2118376334763862
2010-02-28,31.1105910186816,22.248227561744308,23.065877164495266,6.510291400501059,4.758764716893404,4.7271226460872215,4.566748791774199,0.14143293488392467,1.7368595038785162,-0.006009981126439066
2010-03-31,32.38683180109359,21.576367451682305,23.075183568046583,6.10998656706946,5.44060811279107,4.910675491719384,4.00014071799125,-0.10961507130530565,1.8503551211424591,0.12581250745930284
2010-04-30,28.394136214917754,23.021509995146214,24.067307092509182,6.600579461901471,5.968143893455916,4.8492054899180825,4.047099498995902,0.053197040542499865,1.525545153638917,0.8177128435256855
2010-05-31,29.15712338738085,23.735518405444132,23.802744642633844,6.258721853229194,5.666282906534691,4.78433614217288,3.7656745458770935,0.16316759946921386,1.329497636531327,0.9047033581597621
2010-06-30,29.79879330963982,24.210063736337688,22.44910652679405,6.229086837106954,5.24030756694491,5.01066668852449,3.9772167463800523,0.10382414286348236,1.5540241973101816,1.2317360592269602
2010-07-31,29.013401873197814,24.632627592524873,23.440560223352385,5.8851250046573576,5.517298582567662,4.898666588073798,3.682648984607346,0.08375153166446145,1.3181520373899176,1.4683144379172175
2010-08-31,28.361856491455082,25.491398769301686,22.376610919769224,5.80787861412108,5.489884103739257,4.980740576373843,4.353899615506247,0.1689382974719296,1.6648718368422952,1.4418215409994422
2010-09-30,26.337991460402645,27.361222118970687,23.416026284860152,5.599709058733347,5.063518913327781,5.0783436591200495,4.229077786342758,0.18563726107653392,1.420888018541963,1.2114134857896386
2010-10-31,27.64251556364491,27.005132326947326,23.271724383986015,5.63796556182341,4.957610246539928,4.8541534555782455,4.416742847260329,-0.18635410430474272,1.451245590798732,1.1927531280635766
2010-11-30,28.208385504203502,26.2166840109691,23.638862290405132,5.828355138022308,4.02004906235343,4.727901405462237,4.297628818558352,-0.007227854313016629,1.907891945619991,1.3386733449017485
2010-12-31,27.185819755709534,26.655648578736933,23.969523957856637,5.711613717787685,4.957598827095727,4.689087904449424,4.3679455332332955,0.1112872533059307,1.3496828110611658,1.0426306862906118
2011-01-31,26.338072138246307,25.832263595920764,25.598557952649298,5.682972160643312,5.0931644132745575,4.559553535491972,4.083297292359534,-0.06869355748639534,1.4909977889065817,1.3928647945805004
2011-02-28,28.197125922057605,25.8927753308183,23.365837762995003,5.592506557633802,5.014689070800117,4.745525845407884,4.274662990251583,-0.11414131758905147,1.2601766650945248,1.623946606238389
2011-03-31,27.555263858557918,26.263224317301855,23.385171174369667,5.693164920785522,4.770413194383143,4.846159130495406,4.465068178671544,-0.043588639902133956,1.6576366991496387,1.3683691170955385
2011-04-30,28.268503756752395,27.45784449404095,22.026816310349368,5.879788098357806,4.5804385950294275,4.674112365176786,4.309231198526504,0.08163090577321801,1.4392606060989452,1.2037462656698705
2011-05-31,29.015427429942658,27.42569426705274,18.548265066736285,6.369898499000267,5.013493650121955,4.990074901875273,5.264874723390763,0.10856836673572143,1.5302195811397818,1.553013855454437
2011-06-30,29.522204443920778,27.90118565823121,19.910821165196296,5.552415450997618,5.140903472426991,4.87622624417799,4.604172158343563,-0.0061865101719999925,1.5536517100031189,1.1425173085284617
2011-07-31,29.668485677839183,28.66476358280054,19.680693511471343,4.993489928648991,4.573107753686744,5.070077965065989,4.651040148580624,0.0007425583292532964,1.4593106014446064,1.1364650852552831
2011-08-31,32.38153226251186,25.39278008498,19.93495680059298,5.249505042214764,4.903736356530563,4.847299156513396,4.583764150664387,-0.055243681484312634,1.3224822172704622,1.1675640559669969
2011-09-30,36.79216433279456,24.030197674428084,17.28892716939595,4.968580825264354,4.610502521176016,4.938741497345288,4.63850127348433,0.03331489510321519,1.5551606586880946,1.1878447734972661
2011-10-31,33.739015274078106,27.925361971324143,15.368445565664794,5.053231657424807,4.8976363854785605,5.254668351289514,4.385408363821011,0.21319361184655936,1.45644819888518,1.7470130355391496
2011-11-30,34.05662010790579,28.260472133577807,14.623726397613712,4.748163661427421,4.648707181833681,5.157586749815781,5.103072961612066,0.15750853707003185,1.3756094260139105,1.8816937432487713
2011-12-31,33.5738142494557,28.538467115301476,16.45504818030348,3.964947624495298,4.833341981951179,5.1113523429489875,4.714323875910777,-0.06680509806602382,1.5794495485072249,1.425852079313743
2012-01-31,33.33782640132964,29.331095660268744,15.093290339366874,4.17139353251374,5.394826760922397,4.97677669423304,4.877364551925788,0.1368861465238965,1.3847720650383204,1.3167797334078464
2012-02-29,35.87785951624459,28.51653278291708,13.614934540487988,4.204343992527167,4.944244187138477,5.160360870038494,5.109062547799934,-0.16848258663829033,1.3961826800424764,1.6841110091814846
2012-03-31,33.37050106870078,28.587801323643372,15.130975561119993,4.635282338631468,5.08547754975834,5.370290939322087,4.8446965663776655,-0.05126800384977154,1.1364220625894705,1.7982334597286251
2012-04-30,31.727401798989018,28.420854712325927,16.56712362474724,4.498552303109602,5.32842261784789,5.136648597815662,5.106611698848051,0.23955261463787947,1.6835651114317205,1.3191802388510419
2012-05-31,30.60269553184498,28.466448836657335,17.169094876398628,4.58560038858715,5.803786211812241,5.2530840237433685,5.0005955059535045,0.14539229004562926,1.446526685087624,1.5130338209189902
2012-06-30,30.894640499015836,31.029046880730856,16.31593697669134,3.8895605147835344,5.001058359126501,4.789057209770982,4.751573802113729,0.060748243196236645,1.4738689875273627,1.9247005004876332
2012-07-31,30.045550670123763,31.666109173327467,16.56737517471574,4.338182823368105,3.976253802500822,4.981864523283864,4.925272140852645,0.3177909205820152,1.4885583335743173,1.869547368550534
2012-08-31,29.966895133508398,30.115157555106773,17.97527831259173,4.196861545511394,4.874711033183469,4.915413747709912,4.779485891163495,0.29699900201876883,1.322799761214074,1.3358017745698871
2012-09-30,29.75560685881523,31.981421089347645,17.05312679004677,4.166452505780533,4.570551437314148,4.989476085952315,4.466081023466009,0.327246713229586,1.2249527983093005,1.4629027582382934
2012-10-31,28.89623222118951,33.79263662651608,16.493743434604475,4.061589682115998,4.5963270625523425,4.9281076879502175,4.022157851037015,0.4946540716815825,1.6212463360208458,1.1742803603045762
2012-11-30,28.55420509571177,33.19021172747192,18.104002886337874,3.7843258802265822,4.4051259413014305,4.897255042688932,4.288505388187265,0.34125851086887893,1.5377384208892555,0.9016261315599021
2012-12-31,29.627888022062304,31.01197819157818,17.667471057782596,4.334416467391002,4.116916913315551,5.020167083363915,4.901999180744556,0.21689682447731012,1.5122464301936482,1.2559371901466356
2013-01-31,28.23209752505651,33.333005847364234,15.401975262275878,4.487260821488446,4.895545247066199,5.290268726838029,4.876812150728581,0.4440283419569211,1.4669715779735095,1.3964886190912706
2013-02-28,28.883912671907165,33.418682037558604,15.995568257717723,3.9709525620055555,4.4459580570456145,5.420508050091034,4.655886566498392,0.6369842310191344,1.260853105515794,1.193757520298195
2013-03-31,27.623601253318668,32.923622820085775,16.35700279791094,4.353828056906602,4.922785428039103,5.2348551335019495,4.812986935138479,0.9120635966668585,1.5123700697989995,1.115272682098615
2013-04-30,27.897465818377746,32.42758357512028,16.622133925130598,4.514447632894236,5.0201295052409955,5.0348994739679656,4.524191064107315,1.0002079178845522,1.838720994299808,1.1231522738690916
2013-05-31,27.46121720634932,32.513677166551965,16.360207041317956,4.971649008123021,4.892979916837119,5.317637127174011,4.820660480109953,0.846167587460123,1.584401729852246,1.1835485339495562
2013-06-30,27.717282185270374,32.174363775719534,15.89294116625643,4.91517950036182,4.807401495645295,5.168802850670476,4.835234740978739,1.3502862607612849,1.7047671948781866,1.5107026796896272
2013-07-31,28.53771244948202,31.738693589748575,16.191632854866914,4.229089026051947,4.381015553472648,5.343533765515504,4.766646493418153,1.808153121274422,1.4872776009686575,1.4333921124371996
2013-08-31,27.664757127671088,31.32883140039767,16.35837817605668,4.427017282732087,4.632257074297873,5.2194398381064655,4.775133091300627,2.478691629708091,1.922255669943129,1.2915723989074217
2013-09-30,28.99451856791612,28.229746692451602,15.266683774374656,4.76912258934683,5.084755417641918,5.815577245237524,5.496280175530425,3.072256333292028,1.636743626495103,1.4257261780733963
2013-10-31,31.04831030753709,27.304556853542067,15.498888853636279,4.624803935433883,4.827958230576464,5.651042629452718,5.437091202766054,3.227455275234999,1.270309174628534,0.9726406421641507
2013-11-30,31.926827770889467,27.10143873844656,14.802744120294845,4.072890653188196,5.369917432467114,5.340508525596487,5.62495708081614,3.3169314311498934,1.2079437719002522,1.3462145192241122
2013-12-31,32.50282922262825,27.891267824558835,14.355682087643231,4.147575378006274,4.768281451540394,5.557970668467417,5.565326844079603,3.189564100885026,0.9514602252624761,0.9780583821025753
2014-01-31,33.62683332128684,27.81450916520803,14.485650350718222,3.5680733184479445,4.7153086956440955,5.502287311319873,5.058909644578157,3.151493781442188,1.3551111013995918,0.9123459512630931
2014-02-28,33.30245983704954,29.372240837512347,12.857501734046682,3.88436030634293,4.718672265834094,5.24188535596294,4.937199751930424,3.0486147039095552,1.5215290448694836,1.0039456400869233
2014-03-31,35.074227645137114,27.883431750158046,12.662693302064199,3.759987763598485,5.139476900170735,5.199343655554819,4.79921921587793,3.057659691156195,1.2541092647066379,1.330910460319223
2014-04-30,33.74483108690732,26.38640975118194,14.82712564512805,3.9769861124767294,5.038558344246197,5.384462940781004,4.83847111864328,3.1907299348038554,1.5012628969357262,1.312691387658487
2014-05-31,33.69278425752869,27.588302026644037,13.923506761719803,3.9469213400549537,4.529033533315314,5.405799311318611,5.2443248831509885,3.0114315656495156,1.4042689056229285,1.3966656247389915
2014-06-30,34.46978435048637,26.340582276779386,13.618251849532664,4.158295158589584,4.9733419322930255,5.309218800881451,5.284001402759591,3.2152818163823973,1.1518058700449714,1.417856427933124
2014-07-31,34.67413404164072,26.782181346802282,13.337805340869407,3.4470238399071462,5.286303999634493,5.1710289060553505,5.049423596240876,3.8812243189955575,1.4151480596454125,1.2603332775378908
2014-08-31,37.11938581169066,25.75171458387781,12.342797385584403,3.247380851344123,4.815967432456651,5.1894123871437206,5.16780125872973,3.726812745207658,1.4170617540750448,1.376049887167249
2014-09-30,33.65380062389847,27.253178494558313,14.200423163499648,3.773930785205691,5.6758881489799515,4.935723914765433,4.670155910396575,3.647482179233754,1.2494374100386025,1.1145724468374274
2014-10-31,36.413859406192216,25.346306390092412,14.08708460783072,3.5867803850284776,4.96397752068337,4.9237828068289,5.012894906908914,3.589330303289459,1.0939505280648256,0.976765832546224
2014-11-30,36.74879079921236,25.435282896264184,12.681954091043925,3.8587456315748865,5.534994978173446,4.942959193934172,4.840384617518671,3.5169296464298516,1.3524355208792127,1.0651118976426233
2014-12-31,41.04004016235484,23.18411181703846,11.550222527193192,3.2690527590021876,5.404156918990067,5.33019198751026,4.58156535986109,3.4380655363784003,1.1476526157403675,1.0697068860001813
2015-01-31,41.25302191219222,22.604649653473615,10.715267671531072,3.7562677577199426,5.290344986314554,5.655810994587263,4.707269446451007,3.4819813163319018,1.1589038616602454,1.0428324119100272
2015-02-28,41.15090764903368,22.746273258994453,10.745093549717977,3.6535041649864355,5.596836171103782,5.197776877077217,4.733539946259946,3.6918207763421145,1.4146415078675787,1.0164401514659054
2015-03-31,41.862761570651585,20.867386901496925,11.36752920325533,3.8297314382765104,6.043550046059036,5.399146127040489,4.690023486115064,3.3281748492280743,1.6595930586190673,1.0127014823601674
2015-04-30,42.0599955683738,23.067811807496728,9.907555562716459,3.313566536009096,5.762423333253618,5.147425385403685,4.513167898709763,3.416913052249348,1.3743095316059948,1.1753259165917331
2015-05-31,39.953910334312056,22.29911701919643,11.454577717885417,3.5344563827122895,5.858927086713256,5.305745685677265,4.739689403952411,4.0303527944414155,1.463507005630495,1.0786656212763028
2015-06-30,37.701456727442626,23.63003086530942,12.42226464928323,3.7299971956635205,6.049419539346059,5.401488350793713,4.455485385631726,4.020283432342401,1.6762591525298087,1.1887366627460776
2015-07-31,39.17163797779948,21.845590158546774,12.391855006554165,3.7488083576880795,5.49691924760125,5.419507297319397,4.889153743058244,4.182696848890142,1.6324896463611895,1.1768692365677784
2015-08-31,36.98316301981017,23.33115848851042,12.635631372348769,4.0155172296926835,5.200282643001504,5.131549758102973,4.7293589244696355,4.500911471087255,1.762524334819076,1.8046013024902026
2015-09-30,35.48418702346969,24.113631476336696,12.651656549390891,4.277237349634248,5.783362635389014,5.040972679054943,4.884122056331147,4.8733960412916595,1.3598796658009071,1.6290824592432562
2015-10-31,36.10050626724531,22.840584244970326,12.067331853568781,4.254757559606638,6.671420317871169,5.553087048867659,5.112870423938513,4.610768680333695,1.4739914066409456,0.9562037733448241
2015-11-30,37.039159153087944,23.027786420043036,13.039940414320776,3.8696234152303313,6.359430152567579,5.389947559464667,4.525049904242246,4.2137691737052565,1.376170593986154,1.098822819275456
2015-12-31,34.76010948251665,21.516051811997528,16.279135376565378,4.186381612375374,5.7649462272089975,5.079687794762174,4.539250631551706,4.295214968553632,2.0894353101358263,1.491655105099449
2016-01-31,33.99584826694493,21.836173220796468,16.882145361516596,3.9198624200158867,6.09667479929877,5.00169358693041,4.555273812723485,4.213053250624077,2.0490748461336983,1.2000594301058674
2016-02-29,32.75397025754455,24.927653406141506,17.054592549791487,3.447583073922747,5.708861771038979,4.822514520652986,4.199045517945371,4.081590400501738,1.8090788201536394,1.1135160010097909
2016-03-31,33.726485115418804,24.72982489590636,16.662326572701524,3.9112638881270767,5.75891620728137,4.8270421992973604,4.2344188086918635,3.5719044598458263,1.6256801059802668,1.0666873635700709
2016-04-30,33.53003468994701,24.727878387856762,15.74709159406641,4.3450192684397395,5.846256867764183,5.058784574382074,4.341202049355388,3.173137693609741,1.8826539041245396,1.2871362990306763
2016-05-31,33.13074217593507,24.13675086205508,16.380855278106644,4.257038389627729,6.183689751110838,5.243126871954703,4.385711241259075,3.1818033460599664,1.5628858243404373,1.197589314556054
2016-06-30,34.04895490252438,24.659873959379098,15.153183094082937,3.8471008710117154,6.324005415730702,5.254060721995464,4.198861014304011,3.1862380233928165,1.7393174084961107,1.4375314173559142
2016-07-31,33.49227470759444,23.348044687640012,15.651930538689934,4.3915527408534185,6.17931822717404,5.413359838928856,4.427982380078914,3.4165818708894227,1.8686616518087367,1.4707529981416594
2016-08-31,32.92457532813462,24.79875950766238,15.532952016554527,4.041837031452293,6.861205186274123,4.845514970377261,4.299116578261612,3.0969474086736746,1.8440844109274745,1.0303284786692644
2016-09-30,33.72170945588483,24.85003391754132,15.32568163426973,4.026833129941108,7.163170497532938,5.083369345012862,4.132960126118857,2.818347893607323,1.8049315382538462,1.054314670380582
2016-10-31,34.913743294269665,25.044726864190963,13.993575858572985,4.177546619900396,6.356275476246614,4.960390783998698,4.318773640005415,2.8122691354175307,1.5903378807060975,1.750473561524664
2016-11-30,35.71042486327047,24.714725155255966,12.947453709075486,4.331000272061885,6.446669471495812,4.844373116983423,4.466997477865743,2.8188694616909524,1.9102626107278668,1.7705573338466272
2016-12-31,35.73653250168435,24.459062281311056,12.719176755641728,4.285424261436506,6.445036441079291,5.052045663392744,4.46396625937626,3.148095773113909,2.080646194927742,1.67290960880934
2017-01-31,36.709990427871176,22.410981679066772,14.084173628933058,4.223117985181134,7.209911947172161,5.0613905878650165,4.227124637254707,2.6583543398791782,1.8015878171400397,1.3532311082515422
2017-02-28,35.4253990787248,23.360936182618794,13.611272173240327,3.9356127054996164,8.701621548130108,4.484723838579309,3.95839327149906,2.6209663234541662,2.0933665525526726,1.651179284725887
2017-03-31,34.04959678749682,22.55447241205407,14.29720098288732,4.023401100997874,9.978870088554658,4.722513877019065,3.721756860965061,2.6429841753635577,2.127312136161094,1.8204409591572923
2017-04-30,33.05395144075642,24.231716270514358,11.916761770026291,4.186334168175793,11.259924791491837,4.824089816738959,3.8940383226466553,2.7753246597021652,1.8366941527312899,1.953222602690546
2017-05-31,32.764584341120035,22.496047662585937,12.926961134433913,4.145838532664596,11.753885075842676,4.912997144783721,3.6501528272499724,2.8081355414451448,2.586933562686621,2.0228242643596026
2017-06-30,31.689485895255032,23.33495258694199,12.879533365534474,4.409200607806758,12.373181845569587,4.670940790804919,3.42250599567078,3.0720730826473126,2.1617850969318195,1.918927044949738
2017-07-31,31.054107533219792,22.45937408801339,13.642811844152694,4.519107578596459,12.271239669589896,4.7924467120492835,3.5776415566072104,3.478610222384172,2.3841906258512457,2.1417700827216444
2017-08-31,30.771740531167378,22.725484266838844,13.521692748763456,4.96566359227523,11.742955342771763,4.781605659363307,3.495503194651764,3.8128497256699463,2.3279544390083386,1.9276037585508154
2017-09-30,27.96428059771412,23.67782869326076,14.746428109991726,5.576531974282389,10.491055967464176,4.752566379816289,3.72020770492872,4.207140335071115,2.8163591949548823,1.9993206302020907
2017-10-31,26.528848989666514,24.25867899634863,15.610135513246462,6.154482996142873,10.574080907139155,4.344216446924055,4.066186755725299,3.7269227189825282,3.127999348161671,1.4826959381105151
2017-11-30,24.946379320788047,27.15202323434416,14.611090622169073,6.72147398394411,10.161926850442994,4.385023978857614,4.312915505980717,3.3009634423410468,2.991389460896635,1.1073238930398697
2017-12-31,25.47445897060587,27.138781141197576,15.16311766447778,7.060944220251968,9.586724743824707,4.077315677866893,4.285745265268512,2.8140120954334953,3.2019071953796217,1.0679117657275266
2018-01-31,24.279231710331267,27.951388669959158,13.654436731366811,7.411057945699693,10.844766381341328,4.189346773042374,4.210011833989373,3.212772684357179,2.909223598267217,1.1998128264135275
2018-02-28,22.61757893417027,29.423616900820726,14.130565195644483,7.500426521688707,10.049658695341048,4.236575666255369,3.9154474090120197,3.175918765671214,3.297122286675739,1.5159924365184636
2018-03-31,23.091553690583126,27.841059621907217,14.808885027185559,7.295548664434521,10.646777951548842,4.1220809805535925,4.10478303158533,3.2838563798577303,3.239324366030707,1.3982025056477625
2018-04-30,23.56760317659223,26.801572304073435,16.25568021285514,6.674833275216527,10.344315456423098,4.152048972209508,4.2729666707710585,2.8908072958011153,3.593005263167089,1.4940700318048115
2018-05-31,23.47958433302542,26.323462685545643,15.935259545856603,7.176879331050597,10.56861569834571,4.210797048949315,4.083269671416399,3.1176373035869425,3.243567201154163,1.6056421918873194
2018-06-30,23.99377732777318,27.643938148342745,13.699096444889399,7.211477663218514,10.949740812551397,3.954465465316071,4.214804454101354,2.8926256264470234,3.598474355485551,1.8549557928271405
2018-07-31,23.071991427540713,28.105690959737746,13.905031852452312,7.506281715318883,10.12114817039361,4.0852695746468175,3.928060948809485,3.1632157473256357,4.404155642552844,1.6995653657465728
2018-08-31,23.832018351705873,26.431570553220517,14.109228887740688,6.978777811205871,10.934791853686058,4.523794011902655,3.8708432025464155,3.321506871480907,4.303967552691614,1.5572899990833706
2018-09-30,27.10881205385105,25.88836917448894,12.754663455511555,6.420949856861658,11.574320653327783,3.881794158897134,3.578958037279234,3.1249971215936325,4.167404721648964,1.6896884330909219
2018-10-31,25.367729514478505,26.203839014912763,13.821812989441522,6.604400608207205,10.70166736227593,4.0841642482182765,3.5164602095006625,3.3555220075560763,4.4079178283997935,1.9991744249526004
2018-11-30,27.367558963335142,25.71747452076695,13.236010838654549,6.770703111080913,11.120899106247634,3.9641150741779336,3.588378831474758,2.5386097326959165,3.8929755593725313,1.9666240545283766
2018-12-31,27.958626808242318,25.59219298200286,12.752578109263089,6.625826441598376,10.954431792859458,4.13336529808605,3.5067563595737403,2.9053383243563315,4.238695396700326,1.3825000289022613
2019-01-31,28.900942836868897,24.540268162070184,11.673394822379873,7.049612520929913,11.37095018289158,4.041364624560723,3.5076897114138568,3.0463493466920077,3.80087464427844,1.730984104191494
2019-02-28,28.801377010396607,23.316455632995435,12.454068023780048,7.681733549720061,11.730281110664421,3.6931349118533072,3.2555134202841534,2.980752400918265,4.325839394051375,1.6117452711035927
2019-03-31,26.20777975555495,23.40391596567415,11.842897597821242,7.6968410178535995,13.119923394724205,3.735416572364559,2.92439236651971,3.6078656537551534,5.432148569787277,1.9661995742863156
2019-04-30,27.568105021390316,23.908679108632597,9.524469961241012,7.242408780573707,14.565039295534898,3.4552568274042788,2.6459800835942233,4.025488576664383,4.813500933237149,2.149776038436133
2019-05-31,26.450927369666353,20.957559244768714,11.733406075520177,7.267365366513904,15.813154682696757,3.3070969805216817,2.9596813706104745,4.105237589775392,4.808654302737075,2.661746221036117
2019-06-30,24.952283405670748,21.441529061387563,12.193333611072568,7.4327084933404075,15.00170298413663,3.411209270838875,2.794375470271469,4.805480845639548,4.907770395547542,3.1774591492502453
2019-07-31,24.664281095309185,21.666182783975497,9.07235152340405,7.712074388966497,14.796246594965096,3.589716597886156,3.431400491084272,5.4412959017567415,5.413271890554745,4.421961325511885
2019-08-31,24.794775471374074,22.095933748989694,9.288716902949052,7.621726373777885,14.240536249280161,3.83622849327399,3.481052085061463,5.5420157679766735,4.7925856919013405,4.49062053492429
2019-09-30,22.993014605751736,22.586555823838765,10.59888241735819,7.412667562327254,15.734281155500547,3.363672077466867,3.255627125755491,6.049250818998193,4.60935068865305,3.740476021881237
2019-10-31,23.909760987848344,20.112130502243392,10.152494785074172,7.938446721703338,16.777001828932494,3.607871006602496,3.5266372683730483,6.445626376723198,4.659347063417272,2.866765797442383
2019-11-30,23.716585519034787,20.76293887144594,10.238929979941917,7.386390904421759,18.001105486466944,3.2330512831816223,2.9392056274655385,6.8197300347316805,4.547306781459939,2.520209070163158
2019-12-31,22.252440148177662,20.973073710347634,11.097763679361128,7.302092423591903,18.58620448422404,3.234088232051516,2.8985458519327625,6.150387368289446,5.040773352320321,2.709260117531867
2020-01-31,25.690509193505704,20.71431191372732,11.07236382295455,6.961078150762025,16.661437852838997,3.318852064538406,2.773802605878437,5.531306118162968,4.702161513983307,2.6032903615952936
2020-02-29,25.423105675175705,19.272317446937432,14.165204959423336,7.033371874381092,15.54475950175257,3.846282579669362,3.129904103995853,5.224978773367784,4.368059528699009,1.9243078893244292
2020-03-31,24.354777258839405,19.402536208669954,14.473668144215182,7.54933791495252,15.60220675860072,3.540285947553674,3.2220157564716,5.451603230226333,4.389513000214764,1.567226988621972
2020-04-30,24.863798822603275,22.400036486440932,12.020894447777183,7.529737160764299,16.177500403544286,3.5102871635911876,3.1051601143586076,4.866141133278199,4.142901769355178,1.541192364898054
2020-05-31,25.339882938052398,27.19456719680399,11.389048893142258,6.7783616530808635,14.164577890640956,3.3387872905360054,2.6913349096302612,4.358661812375841,4.042010089596609,0.9148041297637718
2020-06-30,24.74847955466149,25.242035595145165,11.044178509959083,7.061615655976526,14.192567473504711,3.4888379127803426,3.306656132022821,4.748553303775898,4.753205572394791,1.7256286328138326
2020-07-31,24.144306554105462,25.44856634124452,10.431411693246863,7.198887860448311,13.769491865464238,3.802996504930768,3.1488252357797535,5.546508351834097,4.719098759348242,1.8664463983433546
2020-08-31,24.126383756386385,26.289195922284254,10.948891128404314,6.945539996541083,13.428777571241325,3.8428592733815274,2.996686483992931,5.037951221328439,4.721505391844907,1.7948718758055957
2020-09-30,24.350637661720192,24.343098587236014,12.053262501428186,7.374461981761465,14.22753346098141,3.6793641280396456,3.177119563468619,4.7473251985715255,4.234724661327857,1.7405312135562607
2020-10-31,22.51364577913124,24.88513007771859,12.366691393574342,7.273687211317612,14.825385487568935,3.5875896634194553,3.342921013118678,5.020614250060533,3.832154428455685,2.3934055916127184
2020-11-30,21.067513616390677,24.455564497364453,12.922663279529875,7.321506225876801,16.18665689853216,3.5559650209449263,3.230520419663309,4.379160765893475,4.355365399381519,2.5662357247294105
2020-12-31,22.154885486795678,23.752552184472815,11.317959953388623,7.382228439009863,17.986899512191737,3.7181022823141485,2.998695527445806,4.205814673166959,3.9129462551665113,2.4493669902739934
2021-01-31,22.37978331922463,22.384240536914213,10.651716841207158,7.390345627073696,19.532705427277225,3.7023186660307927,3.134137687978377,4.4131532790041375,3.7464629287626416,2.5903754677627435
2021-02-28,25.964794321212235,24.005881923498013,8.727131041074736,7.152139371288532,15.298031797464409,3.961635345596087,3.5266045152126604,4.578594934781526,3.916295380445856,3.0087350937900514
2021-03-31,25.481509536742685,23.702049778616484,9.942352194066604,7.873119718544686,15.40490238337294,3.7343253182321243,3.4166417263582045,3.9719982381556806,3.3013815659425276,3.1572883526348092
2021-04-30,23.61556845878626,25.950707685253857,8.867749683559472,7.977476464876599,16.723182939167355,3.489169677535222,3.234420046472846,4.278813744190162,3.352625115074679,2.512291244490787
2021-05-31,23.030079201910315,23.539607106569374,9.950799746758074,8.132305718523165,17.013576497922195,3.767423068927778,3.4455393247351536,4.116082280732529,3.7969208477687864,2.984805782298721
2021-06-30,23.271831718705474,22.623075882802727,10.476075354966724,7.759930103062629,17.414286707448138,3.4022015784377673,3.0528807069277604,4.237718175474754,4.707551891321536,3.084415463637338
2021-07-31,24.22461137247148,20.80043701436559,10.408187497292149,7.40711342748557,17.40764899767957,3.497457168572421,3.209406321541467,4.087789203563669,5.151082647731856,3.829437740418721
2021-08-31,23.789620373647317,20.729955815416073,9.30012890164609,8.400529763281487,16.61942319892722,3.5803616532331777,3.525721852041118,4.8488854180515695,5.354866983576737,3.9515120922937106
2021-09-30,23.103257415228185,20.606211642398655,10.34313779423174,8.93406950504194,13.92235595280197,3.965770194817871,4.228952652581648,5.426708957736788,5.358043870359392,4.060545005331875
2021-10-31,24.59474607869734,19.638307833493432,12.535177629727745,9.046768134210364,12.831169869435799,3.5241748512809803,4.627447470177588,4.650986760985228,5.41485383317043,3.2488173659497477
2021-11-30,27.047349358862505,21.895554631509313,10.660926531798399,8.701406618070328,13.89156302295329,3.190647887463031,4.407698987291741,3.46798156922044,4.3547486298244165,2.470771144497421
2021-12-31,24.08619704666841,22.632288269026606,11.499566240482924,9.442518688718092,11.779087009700804,3.444891953480842,4.652548318935212,3.885819518554282,5.730635477704011,3.007914596900706
2022-01-31,22.575109410564302,25.519379606676143,11.823847182291084,9.293983950984202,10.225350320160233,3.5071573799022273,4.43647564692777,3.307076897301267,6.390722663337064,3.0737509447679807
2022-02-28,21.42305880417789,25.394280192476774,12.14329331417663,9.167789877079262,9.348805606338065,3.1837790450141616,4.504763470180809,3.687651476792231,7.830275297725242,3.3508879202866373
2022-03-31,23.026519794039174,25.84590079284428,12.070051354805809,8.7211956842983,7.268687691067296,3.2803671569383606,4.524513841712625,3.4103837992674193,8.086009756791585,4.09480399182859
2022-04-30,22.395955287073217,27.20122081966597,12.090980942587613,7.943408652732443,8.892400985776725,3.321879859021787,4.490228424932084,3.4819890377971103,6.813601895200523,3.6223221969426884
2022-05-31,23.60519780042155,27.33047810986097,12.710780424279205,8.048497107489249,6.9616701995787755,3.3449111682449524,4.9030877166857705,3.2774733923033152,6.433095654232033,3.300891733903321
2022-06-30,21.90255703754887,28.15374418533867,12.259310825089818,8.330976184630819,7.722349991713956,3.4190748596415577,4.8624005901432055,3.344115466143794,6.1532711282441515,3.887165708970417
2022-07-31,21.063992395922025,27.70662133405951,13.267513656288322,8.869289954584566,8.114087355109728,3.260840506096962,4.301833871229194,3.1030561150365625,6.603781388167258,3.852162562650227
2022-08-31,19.295325448256246,29.87910037626437,14.091157728207735,8.79205573905378,6.373054802678341,3.4192938715798804,4.449835606460906,3.2935394632118924,6.856632908152513,3.7660623728479434
2022-09-30,20.076535003914206,27.254338064384267,14.488313912479807,8.63148975522624,7.1635740152468035,3.540569470726429,4.504178163345427,3.4687532789971707,7.001438763922419,4.011284527109199
2022-10-31,20.00809182755054,29.1644418450649,13.242015045064814,8.092289947263396,6.123487453966535,3.4085630458888208,4.68169585845214,4.0047089327901535,7.168967265047735,4.430983126297959
2022-11-30,20.05804035440337,29.080081094487067,13.739820120034498,8.585035655808808,5.634559673308964,3.7093052448803485,4.649618000529238,3.5360208355718377,6.362785250369558,4.384648180705365
2022-12-31,18.000398934557555,31.007433028447164,12.753266834449532,8.953664507829712,5.863711168140986,3.269454018452327,4.487158588818785,4.059994790680726,6.80022674744119,4.790147914802234
2023-01-31,16.943662309351343,32.78931609864142,12.307926619727061,9.11943617061974,5.884630055391123,3.5063194586871766,4.71050816500572,3.706636226920176,6.485624191440612,4.751405006460716
2023-02-28,18.75952495399665,31.006496761812503,13.215252211141902,8.710297645771808,6.106531620018654,3.304942633461607,4.233167113761878,3.354334951984033,6.874514183645291,4.699000773683
2023-03-31,17.11713525243225,32.10105323702179,12.808626759920092,9.004804596797236,5.633118958494734,3.649975819858426,4.463152311094191,3.817428145704682,6.2910599190047956,4.921778928569686
2023-04-30,17.65051402585364,32.05355966860012,12.199220594812898,8.764256047853895,6.476040425387211,3.4818030750504443,4.692094196047306,3.3247869215431676,6.372122666540575,4.965079387473353
2023-05-31,17.799297804651392,31.714409503195345,12.622710757360077,8.819918216722389,5.784773514458769,3.7119818006337617,4.539534926525324,3.6358407431647835,6.029791244401197,5.243289121422374
2023-06-30,18.526815617677954,31.423559518632995,11.730123730933636,8.586658421523635,6.096948437356469,4.065831012475515,4.9805163092539555,3.797452513758538,6.0519491900894575,4.957688808189433
2023-07-31,18.672638625074132,31.382764093041825,12.728334622086505,7.917235230401237,6.649268235558383,3.484675438962172,4.277639182558945,3.688941486329651,6.145290283181008,5.28031396949688
2023-08-31,19.425271520282397,29.28168998622744,14.49929821287337,7.6827206558295655,6.791487440256595,3.700526630409425,4.85177633203667,3.580503446672197,5.248898720342936,5.2702590597168575
2023-09-30,18.378648460330083,30.50187551149487,11.655782412919503,8.84972520107153,6.462201407178994,3.9377999120766503,5.091456272881882,3.7725350670258924,5.521564771437311,5.717315176884279
2023-10-31,20.79235270280751,27.423873967933144,12.079665114880827,9.067803048977842,6.245771180085694,3.6885623745980447,5.280928136094453,3.9085551044631814,5.174715412238454,6.140743162908908
2023-11-30,19.231292482618166,26.467196571503354,13.217831240198601,9.292227246441255,6.795209594628288,4.072455021087617,5.597823261470131,3.9451894292824328,5.3464834585582155,6.160415951361794
2023-12-31,18.677828972948042,26.420242554351052,12.917661589401646,10.214808271578178,5.9918525086392735,4.194526768786687,5.8137677957988085,3.7578304061331926,5.200933315543313,6.50291412512615
2024-01-31,19.00999520235352,25.69412782795635,12.980448909158108,10.588096335492082,6.671081618923952,3.79133087988817,5.996736095649016,3.5558846859077122,5.459754672709285,6.24318499851432
2024-02-29,19.101068239598,26.96811327047813,12.674829646183282,10.283914022068622,6.9224455378309315,3.5523109376011135,5.80294473676352,3.5184735329855306,5.734202495051105,5.371788837223391
2024-03-31,18.434511054764247,27.70709131380459,14.042104707511603,9.902634346750784,6.319300606981649,3.6597928553684245,5.8710917639311475,3.45526480931616,5.6951231614759745,4.872010674410387
2024-04-30,18.617562405127238,26.15383441350609,15.524147268001359,10.1698418614145,5.621434730900729,3.838214003451219,5.628147026234734,3.7593934005483023,6.023223895170327,4.631286632559786
2024-05-31,20.528885530335195,26.76576144739342,14.944566411341532,9.923357083233894,5.563632240233438,3.741110412978379,5.543929738416792,3.4350083584272966,5.465800848230561,4.062862151480422
2024-06-30,20.03470486198909,24.988548824999935,18.134208011928504,9.4812249609377,5.360335175565332,3.763910883581623,5.87297481367609,3.4812014294588307,5.390989590994803,3.5630888523681388
2024-07-31,21.27165446208459,24.05133192739383,17.124315792283582,9.649952708673586,5.25789531125746,3.8574397989611167,5.635185393298775,3.4536214585118317,5.604014676784624,4.104264785824646
2024-08-31,21.31124757739911,25.497756005047876,15.260718528741917,9.388880509640682,4.954230123672622,4.2143019102937425,5.955236654901306,3.498013685131413,5.562256467277924,4.28217893192907
2024-09-30,21.216873873779623,25.220088313945475,16.70894935503238,8.952524277076302,6.0049624001252395,3.527445252865362,5.081241587837214,3.5402363369728813,5.818971527730598,4.083531106030347
2024-10-31,21.324997206585937,23.584550319014564,17.957287675848832,8.694336959486293,6.214621154450706,3.5235947534682683,5.358501840962706,3.729829695768741,5.415400349327559,4.1997833815929875
2024-11-30,19.480153266787635,23.21229324631545,20.25762516596148,9.141849949057585,6.113918666376645,3.2360235919873355,5.16468208984445,3.4815798031143252,5.91334417198652,4.204370095254005
2024-12-31,18.88604021561168,21.337354201371806,22.279871964601647,9.541679984642307,6.246228402053195,3.4741451316484513,5.123600035358173,3.3308931451298855,6.068517764142666,3.656815441767071
2025-01-31,18.12305959605322,21.71720998923849,24.87405783642902,8.824024712905757,5.762310300922037,3.1209030631502985,5.193439086639891,3.042841085001242,5.60387730002064,3.444092207521673
2025-02-28,20.487827027011704,21.213335683122747,23.913385083307023,8.058897878270301,6.097325776462468,3.2173768668571414,4.74686134038478,2.9922114999199714,5.640688658261584,3.820104275003158
2025-03-31,26.874439583193777,18.26682125129887,23.106653578668656,7.247988264900393,5.945008402474142,3.311111793158617,4.453198250242571,2.520252117126054,4.90690958088997,3.3393966133118598
2025-04-30,27.237602332044624,19.947846773340945,21.345419723274073,6.865620885647213,5.378549429924084,3.441102105548554,4.279084981466735,3.038340236619503,4.683572161369895,3.599687819283997
